UNITS MM,10000;
EDIT proj;
ADD P1 :W0.000000  -126.7489,106.8272 -126.2881,106.8272 -126.2881,107.2880 -126.7489,107.2880;
ADD P1 :W0.000000  -135.2945,106.8272 -132.7945,106.8272 -132.7945,107.2880 -135.2945,107.2880;
ADD P1 :W0.000000  -113.6613,107.0576 -113.6613,149.5309 -114.1221,149.5309 -114.1221,107.0576;
ADD P1 :W0.000000  -136.9085,-103.7288 -136.9085,-103.7289 -133.6805,-103.7289 -133.6805,-103.7288 -133.7061,-103.1415 -133.7829,-102.5588 -133.9101,-101.9849 -134.0869,-101.4243 -134.3118,-100.8812 -134.5832,-100.3598 -134.8991,-99.8640 -135.2569,-99.3977 -135.6540,-98.9643 -136.0874,-98.5672 -136.5537,-98.2094 -137.0495,-97.8935 -137.5709,-97.6221 -138.1140,-97.3972 -138.6746,-97.2204 -139.2485,-97.0932 -139.8312,-97.0164 -140.4185,-96.9908 -141.0058,-97.0164 -141.5885,-97.0932 -142.1624,-97.2204 -142.7230,-97.3972 -143.2661,-97.6221 -143.7875,-97.8935 -144.2833,-98.2094 -144.7496,-98.5672 -145.1830,-98.9643 -145.5801,-99.3977 -145.9379,-99.8640 -146.2538,-100.3598 -146.5252,-100.8812 -146.7501,-101.4243 -146.9269,-101.9849 -147.0541,-102.5588 -147.1309,-103.1415 -147.1565,-103.7288 -147.1565,-103.7289 -143.9286,-103.7289 -143.9286,-103.7288 -143.9152,-103.4229 -143.8753,-103.1193 -143.8090,-102.8203 -143.7169,-102.5283 -143.5997,-102.2454 -143.4583,-101.9738 -143.2938,-101.7155 -143.1074,-101.4726 -142.9005,-101.2468 -142.6747,-101.0399 -142.4318,-100.8535 -142.1736,-100.6890 -141.9019,-100.5476 -141.6190,-100.4304 -141.3270,-100.3383 -141.0280,-100.2720 -140.7244,-100.2321 -140.4185,-100.2187 -140.1126,-100.2321 -139.8090,-100.2720 -139.5100,-100.3383 -139.2180,-100.4304 -138.9351,-100.5476 -138.6635,-100.6890 -138.4052,-100.8535 -138.1623,-101.0399 -137.9365,-101.2468 -137.7296,-101.4726 -137.5432,-101.7155 -137.3787,-101.9738 -137.2373,-102.2454 -137.1201,-102.5283 -137.0280,-102.8203 -136.9617,-103.1193 -136.9218,-103.4229 -136.9084,-103.7288;
ADD P1 :W0.000000  -163.6065,5.2502 -163.6065,102.2790 -166.7065,102.2790 -166.7065,5.2502;
ADD P1 :W0.000000  -123.3273,109.8880 -123.3273,110.3488 -123.7881,110.3488 -123.7881,109.8880;
ADD P1 :W0.000000  -123.3273,106.8272 -113.8917,106.8272 -113.8917,107.2880 -123.3273,107.2880;
ADD P1 :W0.000000  -75.2945,100.5630 -60.2945,100.5630 -60.2945,103.6630 -75.2945,103.6630;
ADD P1 :W0.000000  -73.2945,105.5076 -60.2945,105.5076 -60.2945,108.6076 -73.2945,108.6076;
ADD P1 :W0.000000  -113.8917,106.8272 -73.2945,106.8272 -73.2945,107.2880 -113.8917,107.2880;
ADD P1 :W0.000000  -126.7489,109.8880 -126.7489,107.2880 -126.2881,107.2880 -126.2881,109.8880;
ADD P1 :W0.000000  -100.8139,100.5000 -100.8139,58.2568 -97.5860,58.2568 -97.5860,100.5000;
ADD P1 :W0.000000  -163.6065,-102.2788 -163.6065,-102.2787 -166.7065,-102.2787 -166.7065,-102.2788 -166.6892,-102.6754 -166.6374,-103.0689 -166.5515,-103.4564 -166.4321,-103.8350 -166.2802,-104.2017 -166.0969,-104.5538 -165.8836,-104.8886 -165.6420,-105.2035 -165.3738,-105.4961 -165.0812,-105.7643 -164.7663,-106.0059 -164.4315,-106.2192 -164.0794,-106.4025 -163.7127,-106.5544 -163.3341,-106.6738 -162.9466,-106.7597 -162.5531,-106.8115 -162.1565,-106.8288 -162.1564,-106.8288 -162.1564,-103.7288 -162.1565,-103.7288 -162.2829,-103.7233 -162.4083,-103.7068 -162.5318,-103.6794 -162.6524,-103.6414 -162.7693,-103.5929 -162.8815,-103.5345 -162.9882,-103.4666 -163.0885,-103.3896 -163.1818,-103.3041 -163.2673,-103.2108 -163.3443,-103.1105 -163.4122,-103.0038 -163.4706,-102.8916 -163.5191,-102.7747 -163.5571,-102.6541 -163.5845,-102.5306 -163.6010,-102.4052;
ADD P1 :W0.000000  -162.1565,103.7290 -147.1565,103.7290 -147.1565,106.8290 -162.1565,106.8290;
ADD P1 :W0.000000  -145.3121,106.8290 -147.1564,106.8290 -147.1564,103.7290 -143.9285,103.7290 -143.9285,105.2790 -145.3121,105.2790;
ADD P1 :W0.000000  -143.9285,-103.7288 -147.1564,-103.7288 -147.1564,-106.8288 -145.3121,-106.8288 -145.3121,-105.2788 -143.9285,-105.2788;
ADD P1 :W0.000000  -189.3845,-1.5500 -186.3845,-1.5500 -186.3845,1.5500 -189.3845,1.5500;
ADD P1 :W0.000000  -173.1565,0.7002 -168.1565,0.7002 -168.1565,3.8002 -173.1565,3.8002;
ADD P1 :W0.000000  -184.7905,1.5500 -186.3845,1.5500 -186.3845,-1.5500 -184.7905,-1.5500;
ADD P1 :W0.000000  -168.1565,3.8002 -168.1566,3.8002 -168.1566,0.7002 -168.1565,0.7002 -167.7599,0.7175 -167.3664,0.7693 -166.9789,0.8552 -166.6003,0.9746 -166.2336,1.1265 -165.8815,1.3098 -165.5467,1.5231 -165.2318,1.7647 -164.9392,2.0329 -164.6710,2.3255 -164.4294,2.6404 -164.2161,2.9752 -164.0328,3.3273 -163.8809,3.6940 -163.7615,4.0726 -163.6756,4.4601 -163.6238,4.8536 -163.6065,5.2502 -163.6065,5.2503 -166.7065,5.2503 -166.7065,5.2502 -166.7120,5.1238 -166.7285,4.9984 -166.7559,4.8749 -166.7939,4.7543 -166.8424,4.6374 -166.9008,4.5252 -166.9687,4.4185 -167.0457,4.3182 -167.1312,4.2249 -167.2245,4.1394 -167.3248,4.0624 -167.4315,3.9945 -167.5437,3.9361 -167.6606,3.8876 -167.7812,3.8496 -167.9047,3.8222 -168.0301,3.8057;
ADD P1 :W0.000000  -176.1565,3.0472 -176.1565,1.4532 -173.1565,0.7002 -173.1565,3.8002;
ADD P1 :W0.000000  -126.2881,110.3488 -126.7489,110.3488 -126.7489,109.8880 -126.2881,109.8880;
ADD P1 :W0.000000  -123.7881,109.8880 -123.7881,107.2880 -123.3273,107.2880 -123.3273,109.8880;
ADD P1 :W0.000000  -126.2881,109.8880 -123.7881,109.8880 -123.7881,110.3488 -126.2881,110.3488;
ADD P1 :W0.000000  -135.2945,100.4991 -75.2945,100.4991 -75.2945,103.7270 -135.2945,103.7270;
ADD P1 :W0.000000  -145.3121,-106.8288 -145.3121,-106.8287 -145.7729,-106.8287 -145.7729,-106.8288 -145.7525,-107.2955 -145.6916,-107.7586 -145.5905,-108.2146 -145.4500,-108.6601 -145.2712,-109.0917 -145.0555,-109.5060 -144.8046,-109.9000 -144.5202,-110.2705 -144.2046,-110.6149 -143.8602,-110.9305 -143.4897,-111.2149 -143.0957,-111.4658 -142.6814,-111.6815 -142.2498,-111.8603 -141.8043,-112.0008 -141.3483,-112.1019 -140.8852,-112.1628 -140.4185,-112.1832 -139.9518,-112.1628 -139.4887,-112.1019 -139.0327,-112.0008 -138.5872,-111.8603 -138.1556,-111.6815 -137.7413,-111.4658 -137.3473,-111.2149 -136.9768,-110.9305 -136.6324,-110.6149 -136.3168,-110.2705 -136.0324,-109.9000 -135.7815,-109.5060 -135.5658,-109.0917 -135.3870,-108.6601 -135.2465,-108.2146 -135.1454,-107.7586 -135.0845,-107.2955 -135.0641,-106.8288 -135.0641,-106.8287 -135.5249,-106.8287 -135.5249,-106.8288 -135.5435,-107.2553 -135.5992,-107.6786 -135.6916,-108.0954 -135.8200,-108.5025 -135.9834,-108.8969 -136.1805,-109.2756 -136.4099,-109.6357 -136.6698,-109.9743 -136.9582,-110.2891 -137.2730,-110.5775 -137.6116,-110.8374 -137.9717,-111.0668 -138.3504,-111.2639 -138.7448,-111.4273 -139.1519,-111.5557 -139.5687,-111.6481 -139.9920,-111.7038 -140.4185,-111.7224 -140.8450,-111.7038 -141.2683,-111.6481 -141.6851,-111.5557 -142.0922,-111.4273 -142.4866,-111.2639 -142.8653,-111.0668 -143.2254,-110.8374 -143.5640,-110.5775 -143.8788,-110.2891 -144.1672,-109.9743 -144.4271,-109.6357 -144.6565,-109.2756 -144.8536,-108.8969 -145.0170,-108.5025 -145.1454,-108.0954 -145.2378,-107.6786 -145.2935,-107.2553;
ADD P1 :W0.000000  -135.5249,106.8290 -135.5249,106.8289 -135.0641,106.8289 -135.0641,106.8290 -135.0845,107.2957 -135.1454,107.7588 -135.2465,108.2148 -135.3870,108.6603 -135.5658,109.0919 -135.7815,109.5062 -136.0324,109.9002 -136.3168,110.2707 -136.6324,110.6151 -136.9768,110.9307 -137.3473,111.2151 -137.7413,111.4660 -138.1556,111.6817 -138.5872,111.8605 -139.0327,112.0010 -139.4887,112.1021 -139.9518,112.1630 -140.4185,112.1834 -140.8852,112.1630 -141.3483,112.1021 -141.8043,112.0010 -142.2498,111.8605 -142.6814,111.6817 -143.0957,111.4660 -143.4897,111.2151 -143.8602,110.9307 -144.2046,110.6151 -144.5202,110.2707 -144.8046,109.9002 -145.0555,109.5062 -145.2712,109.0919 -145.4500,108.6603 -145.5905,108.2148 -145.6916,107.7588 -145.7525,107.2957 -145.7729,106.8290 -145.7729,106.8289 -145.3121,106.8289 -145.3121,106.8290 -145.2935,107.2555 -145.2378,107.6788 -145.1454,108.0956 -145.0170,108.5027 -144.8536,108.8971 -144.6565,109.2758 -144.4271,109.6359 -144.1672,109.9745 -143.8788,110.2893 -143.5640,110.5777 -143.2254,110.8376 -142.8653,111.0670 -142.4866,111.2641 -142.0922,111.4275 -141.6851,111.5559 -141.2683,111.6483 -140.8450,111.7040 -140.4185,111.7226 -139.9920,111.7040 -139.5687,111.6483 -139.1519,111.5559 -138.7448,111.4275 -138.3504,111.2641 -137.9717,111.0670 -137.6116,110.8376 -137.2730,110.5777 -136.9582,110.2893 -136.6698,109.9745 -136.4099,109.6359 -136.1805,109.2758 -135.9834,108.8971 -135.8200,108.5027 -135.6916,108.0956 -135.5992,107.6788 -135.5435,107.2555;
ADD P1 :W0.000000  -143.9285,103.7290 -143.9285,103.7291 -147.1565,103.7291 -147.1565,103.7290 -147.1309,103.1417 -147.0541,102.5590 -146.9269,101.9851 -146.7501,101.4245 -146.5252,100.8814 -146.2538,100.3600 -145.9379,99.8642 -145.5801,99.3979 -145.1830,98.9645 -144.7496,98.5674 -144.2833,98.2096 -143.7875,97.8937 -143.2661,97.6223 -142.7230,97.3974 -142.1624,97.2206 -141.5885,97.0934 -141.0058,97.0166 -140.4185,96.9910 -139.8312,97.0166 -139.2485,97.0934 -138.6746,97.2206 -138.1140,97.3974 -137.5709,97.6223 -137.0495,97.8937 -136.5537,98.2096 -136.0874,98.5674 -135.6540,98.9645 -135.2569,99.3979 -134.8991,99.8642 -134.5832,100.3600 -134.3118,100.8814 -134.0869,101.4245 -133.9101,101.9851 -133.7829,102.5590 -133.7061,103.1417 -133.6805,103.7290 -133.6805,103.7291 -136.9084,103.7291 -136.9084,103.7290 -136.9218,103.4231 -136.9617,103.1195 -137.0280,102.8205 -137.1201,102.5285 -137.2373,102.2456 -137.3787,101.9740 -137.5432,101.7157 -137.7296,101.4728 -137.9365,101.2470 -138.1623,101.0401 -138.4052,100.8537 -138.6634,100.6892 -138.9351,100.5478 -139.2180,100.4306 -139.5100,100.3385 -139.8090,100.2722 -140.1126,100.2323 -140.4185,100.2189 -140.7244,100.2323 -141.0280,100.2722 -141.3270,100.3385 -141.6190,100.4306 -141.9019,100.5478 -142.1735,100.6892 -142.4318,100.8537 -142.6747,101.0401 -142.9005,101.2470 -143.1074,101.4728 -143.2938,101.7157 -143.4583,101.9740 -143.5997,102.2456 -143.7169,102.5285 -143.8090,102.8205 -143.8753,103.1195 -143.9152,103.4231 -143.9286,103.7290;
ADD P1 :W0.000000  -162.1565,-106.8288 -147.1565,-106.8288 -147.1565,-103.7288 -162.1565,-103.7288;
ADD P1 :W0.000000  -162.1565,103.7290 -162.1564,103.7290 -162.1564,106.8290 -162.1565,106.8290 -162.5531,106.8117 -162.9466,106.7599 -163.3341,106.6740 -163.7127,106.5546 -164.0794,106.4027 -164.4315,106.2194 -164.7663,106.0061 -165.0812,105.7645 -165.3738,105.4963 -165.6420,105.2037 -165.8836,104.8888 -166.0969,104.5540 -166.2802,104.2019 -166.4321,103.8352 -166.5515,103.4566 -166.6374,103.0691 -166.6892,102.6756 -166.7065,102.2790 -166.7065,102.2789 -163.6065,102.2789 -163.6065,102.2790 -163.6010,102.4054 -163.5845,102.5308 -163.5571,102.6543 -163.5191,102.7749 -163.4706,102.8918 -163.4122,103.0040 -163.3443,103.1107 -163.2673,103.2110 -163.1818,103.3043 -163.0885,103.3898 -162.9882,103.4668 -162.8815,103.5347 -162.7693,103.5931 -162.6524,103.6416 -162.5318,103.6796 -162.4083,103.7070 -162.2829,103.7235;
ADD P1 :W0.000000  -166.7065,-5.2500 -166.7065,-102.2788 -163.6065,-102.2788 -163.6065,-5.2500;
ADD P1 :W0.000000  -166.7065,-5.2500 -166.7065,-5.2501 -163.6065,-5.2501 -163.6065,-5.2500 -163.6238,-4.8534 -163.6756,-4.4599 -163.7615,-4.0724 -163.8809,-3.6938 -164.0328,-3.3271 -164.2161,-2.9750 -164.4294,-2.6402 -164.6710,-2.3253 -164.9392,-2.0327 -165.2318,-1.7645 -165.5467,-1.5229 -165.8815,-1.3096 -166.2336,-1.1263 -166.6003,-0.9744 -166.9789,-0.8550 -167.3664,-0.7691 -167.7599,-0.7173 -168.1565,-0.7000 -168.1566,-0.7000 -168.1566,-3.8000 -168.1565,-3.8000 -168.0301,-3.8055 -167.9047,-3.8220 -167.7812,-3.8494 -167.6606,-3.8874 -167.5437,-3.9359 -167.4315,-3.9943 -167.3248,-4.0622 -167.2245,-4.1392 -167.1312,-4.2247 -167.0457,-4.3180 -166.9687,-4.4183 -166.9008,-4.5250 -166.8424,-4.6372 -166.7939,-4.7541 -166.7559,-4.8747 -166.7285,-4.9982 -166.7120,-5.1236;
ADD P1 :W0.000000  -173.1565,-3.8000 -168.1565,-3.8000 -168.1565,-0.7000 -173.1565,-0.7000;
ADD P1 :W0.000000  -176.1565,-1.4530 -176.1565,-3.0470 -173.1565,-3.8000 -173.1565,-0.7000;
ADD P1 :W0.000000  -176.1365,1.5500 -176.1365,1.5499 -174.5425,1.5499 -174.5425,1.5500 -174.5650,2.0660 -174.6325,2.5782 -174.7443,3.0825 -174.8996,3.5751 -175.0973,4.0523 -175.3358,4.5105 -175.6133,4.9461 -175.9278,5.3559 -176.2767,5.7368 -176.6576,6.0857 -177.0674,6.4002 -177.5030,6.6777 -177.9612,6.9162 -178.4384,7.1139 -178.9310,7.2692 -179.4353,7.3810 -179.9475,7.4485 -180.4635,7.4710 -180.9795,7.4485 -181.4917,7.3810 -181.9960,7.2692 -182.4886,7.1139 -182.9658,6.9162 -183.4240,6.6777 -183.8596,6.4002 -184.2694,6.0857 -184.6503,5.7368 -184.9992,5.3559 -185.3137,4.9461 -185.5912,4.5105 -185.8297,4.0523 -186.0274,3.5751 -186.1827,3.0825 -186.2945,2.5782 -186.3620,2.0660 -186.3845,1.5500 -186.3845,1.5499 -184.7905,1.5499 -184.7905,1.5500 -184.7740,1.9271 -184.7248,2.3014 -184.6431,2.6699 -184.5295,3.0299 -184.3851,3.3787 -184.2108,3.7135 -184.0080,4.0319 -183.7782,4.3313 -183.5232,4.6097 -183.2448,4.8647 -182.9454,5.0945 -182.6270,5.2973 -182.2922,5.4716 -181.9434,5.6160 -181.5834,5.7296 -181.2149,5.8113 -180.8406,5.8605 -180.4635,5.8770 -180.0864,5.8605 -179.7121,5.8113 -179.3436,5.7296 -178.9836,5.6160 -178.6348,5.4716 -178.3000,5.2973 -177.9816,5.0945 -177.6822,4.8647 -177.4038,4.6097 -177.1488,4.3313 -176.9190,4.0319 -176.7162,3.7135 -176.5419,3.3787 -176.3975,3.0299 -176.2839,2.6699 -176.2022,2.3014 -176.1530,1.9271;
ADD P1 :W0.000000  -184.7905,-1.5500 -184.7905,-1.5499 -186.3845,-1.5499 -186.3845,-1.5500 -186.3620,-2.0660 -186.2945,-2.5782 -186.1827,-3.0825 -186.0274,-3.5751 -185.8297,-4.0523 -185.5912,-4.5105 -185.3137,-4.9461 -184.9992,-5.3559 -184.6503,-5.7368 -184.2694,-6.0857 -183.8596,-6.4002 -183.4240,-6.6777 -182.9658,-6.9162 -182.4886,-7.1139 -181.9960,-7.2692 -181.4917,-7.3810 -180.9795,-7.4485 -180.4635,-7.4710 -179.9475,-7.4485 -179.4353,-7.3810 -178.9310,-7.2692 -178.4384,-7.1139 -177.9612,-6.9162 -177.5030,-6.6777 -177.0674,-6.4002 -176.6576,-6.0857 -176.2767,-5.7368 -175.9278,-5.3559 -175.6133,-4.9461 -175.3358,-4.5105 -175.0973,-4.0523 -174.8996,-3.5751 -174.7443,-3.0825 -174.6325,-2.5782 -174.5650,-2.0660 -174.5425,-1.5500 -174.5425,-1.5499 -176.1365,-1.5499 -176.1365,-1.5500 -176.1530,-1.9271 -176.2022,-2.3014 -176.2839,-2.6699 -176.3975,-3.0299 -176.5419,-3.3787 -176.7162,-3.7135 -176.9190,-4.0319 -177.1488,-4.3313 -177.4038,-4.6097 -177.6822,-4.8647 -177.9816,-5.0945 -178.3000,-5.2973 -178.6348,-5.4716 -178.9836,-5.6160 -179.3436,-5.7296 -179.7121,-5.8113 -180.0864,-5.8605 -180.4635,-5.8770 -180.8406,-5.8605 -181.2149,-5.8113 -181.5834,-5.7296 -181.9434,-5.6160 -182.2922,-5.4716 -182.6270,-5.2973 -182.9454,-5.0945 -183.2448,-4.8647 -183.5232,-4.6097 -183.7782,-4.3313 -184.0080,-4.0319 -184.2108,-3.7135 -184.3851,-3.3787 -184.5295,-3.0299 -184.6431,-2.6699 -184.7248,-2.3014 -184.7740,-1.9271;
ADD P1 :W0.000000  -132.7945,106.8272 -126.7489,106.8272 -126.7489,107.2880 -132.7945,107.2880;
ADD P1 :W0.000000  -123.7881,107.2880 -123.7881,106.8272 -123.3273,106.8272 -123.3273,107.2880;
ADD P1 :W0.000000  -60.2945,108.6076 -60.2946,108.6076 -60.2946,105.5076 -60.2945,105.5076 -59.9415,105.5230 -59.5912,105.5691 -59.2463,105.6456 -58.9093,105.7518 -58.5829,105.8871 -58.2695,106.0502 -57.9715,106.2400 -57.6912,106.4551 -57.4307,106.6938 -57.1920,106.9543 -56.9769,107.2346 -56.7871,107.5326 -56.6240,107.8460 -56.4887,108.1724 -56.3825,108.5094 -56.3060,108.8543 -56.2599,109.2046 -56.2445,109.5576 -56.2445,109.5577 -59.3445,109.5577 -59.3445,109.5576 -59.3481,109.4748 -59.3589,109.3926 -59.3769,109.3117 -59.4018,109.2327 -59.4335,109.1561 -59.4718,109.0826 -59.5163,109.0127 -59.5668,108.9470 -59.6227,108.8858 -59.6839,108.8299 -59.7496,108.7794 -59.8195,108.7349 -59.8930,108.6966 -59.9696,108.6649 -60.0486,108.6400 -60.1295,108.6220 -60.2117,108.6112;
ADD P1 :W0.000000  -59.3445,99.6130 -59.3445,99.6129 -56.2445,99.6129 -56.2445,99.6130 -56.2599,99.9660 -56.3060,100.3163 -56.3825,100.6612 -56.4887,100.9982 -56.6240,101.3246 -56.7871,101.6380 -56.9769,101.9360 -57.1920,102.2163 -57.4307,102.4768 -57.6912,102.7155 -57.9715,102.9306 -58.2695,103.1204 -58.5829,103.2835 -58.9093,103.4188 -59.2463,103.5250 -59.5912,103.6015 -59.9415,103.6476 -60.2945,103.6630 -60.2946,103.6630 -60.2946,100.5630 -60.2945,100.5630 -60.2117,100.5594 -60.1295,100.5486 -60.0486,100.5306 -59.9696,100.5057 -59.8930,100.4740 -59.8195,100.4357 -59.7496,100.3912 -59.6839,100.3407 -59.6227,100.2848 -59.5668,100.2236 -59.5163,100.1579 -59.4718,100.0880 -59.4335,100.0145 -59.4018,99.9379 -59.3769,99.8589 -59.3589,99.7780 -59.3481,99.6958;
ADD P1 :W0.000000  -56.2445,54.8974 -56.2445,99.6130 -59.3445,99.6130 -59.3445,54.8974;
ADD P1 :W0.000000  -59.3445,154.2732 -59.3445,109.5576 -56.2445,109.5576 -56.2445,154.2732;
ADD P1 :W0.000000  -55.2945,155.2232 -55.2944,155.2232 -55.2944,158.3232 -55.2945,158.3232 -55.6475,158.3078 -55.9978,158.2617 -56.3427,158.1852 -56.6797,158.0790 -57.0061,157.9437 -57.3195,157.7806 -57.6175,157.5908 -57.8978,157.3757 -58.1583,157.1370 -58.3970,156.8765 -58.6121,156.5962 -58.8019,156.2982 -58.9650,155.9848 -59.1003,155.6584 -59.2065,155.3214 -59.2830,154.9765 -59.3291,154.6262 -59.3445,154.2732 -59.3445,154.2731 -56.2445,154.2731 -56.2445,154.2732 -56.2409,154.3560 -56.2301,154.4382 -56.2121,154.5191 -56.1872,154.5981 -56.1555,154.6747 -56.1172,154.7482 -56.0727,154.8181 -56.0222,154.8838 -55.9663,154.9450 -55.9051,155.0009 -55.8394,155.0514 -55.7695,155.0959 -55.6960,155.1342 -55.6194,155.1659 -55.5404,155.1908 -55.4595,155.2088 -55.3773,155.2196;
ADD P1 :W0.000000  -56.2445,54.8974 -56.2445,54.8975 -59.3445,54.8975 -59.3445,54.8974 -59.3291,54.5444 -59.2830,54.1941 -59.2065,53.8492 -59.1003,53.5122 -58.9650,53.1858 -58.8019,52.8724 -58.6121,52.5744 -58.3970,52.2941 -58.1583,52.0336 -57.8978,51.7949 -57.6175,51.5798 -57.3195,51.3900 -57.0061,51.2269 -56.6797,51.0916 -56.3427,50.9854 -55.9978,50.9089 -55.6475,50.8628 -55.2945,50.8474 -55.2944,50.8474 -55.2944,53.9474 -55.2945,53.9474 -55.3773,53.9510 -55.4595,53.9618 -55.5404,53.9798 -55.6194,54.0047 -55.6960,54.0364 -55.7695,54.0747 -55.8394,54.1192 -55.9051,54.1697 -55.9663,54.2256 -56.0222,54.2868 -56.0727,54.3525 -56.1172,54.4224 -56.1555,54.4959 -56.1872,54.5725 -56.2121,54.6515 -56.2301,54.7324 -56.2409,54.8146;
ADD P1 :W0.000000  -56.2500,-54.8844 -56.2500,-99.6000 -59.3500,-99.6000 -59.3500,-54.8844;
ADD P1 :W0.000000  -59.3500,-154.2602 -59.3500,-109.5446 -56.2500,-109.5446 -56.2500,-154.2602;
ADD P1 :W0.000000  -59.3500,-99.6000 -59.3500,-99.5999 -56.2500,-99.5999 -56.2500,-99.6000 -56.2654,-99.9530 -56.3115,-100.3033 -56.3880,-100.6482 -56.4942,-100.9852 -56.6295,-101.3116 -56.7926,-101.6250 -56.9824,-101.9230 -57.1975,-102.2033 -57.4362,-102.4638 -57.6967,-102.7025 -57.9770,-102.9176 -58.2750,-103.1074 -58.5884,-103.2705 -58.9148,-103.4058 -59.2518,-103.5120 -59.5967,-103.5885 -59.9470,-103.6346 -60.3000,-103.6500 -60.3001,-103.6500 -60.3001,-100.5500 -60.3000,-100.5500 -60.2172,-100.5464 -60.1350,-100.5356 -60.0541,-100.5176 -59.9751,-100.4927 -59.8985,-100.4610 -59.8250,-100.4227 -59.7551,-100.3782 -59.6894,-100.3277 -59.6282,-100.2718 -59.5723,-100.2106 -59.5218,-100.1449 -59.4773,-100.0750 -59.4390,-100.0015 -59.4073,-99.9249 -59.3824,-99.8459 -59.3644,-99.7650 -59.3536,-99.6828;
ADD P1 :W0.000000  -56.2500,-54.8844 -56.2500,-54.8845 -59.3500,-54.8845 -59.3500,-54.8844 -59.3346,-54.5314 -59.2885,-54.1811 -59.2120,-53.8362 -59.1058,-53.4992 -58.9705,-53.1728 -58.8074,-52.8594 -58.6176,-52.5614 -58.4025,-52.2811 -58.1638,-52.0206 -57.9033,-51.7819 -57.6230,-51.5668 -57.3250,-51.3770 -57.0116,-51.2139 -56.6852,-51.0786 -56.3482,-50.9724 -56.0033,-50.8959 -55.6530,-50.8498 -55.3000,-50.8344 -55.2999,-50.8344 -55.2999,-53.9344 -55.3000,-53.9344 -55.3828,-53.9380 -55.4650,-53.9488 -55.5459,-53.9668 -55.6249,-53.9917 -55.7015,-54.0234 -55.7750,-54.0617 -55.8449,-54.1062 -55.9106,-54.1567 -55.9718,-54.2126 -56.0277,-54.2738 -56.0782,-54.3395 -56.1227,-54.4094 -56.1610,-54.4829 -56.1927,-54.5595 -56.2176,-54.6385 -56.2356,-54.7194 -56.2464,-54.8016;
ADD P1 :W0.000000  -55.3000,-155.2102 -55.2999,-155.2102 -55.2999,-158.3102 -55.3000,-158.3102 -55.6530,-158.2948 -56.0033,-158.2487 -56.3482,-158.1722 -56.6852,-158.0660 -57.0116,-157.9307 -57.3250,-157.7676 -57.6230,-157.5778 -57.9033,-157.3627 -58.1638,-157.1240 -58.4025,-156.8635 -58.6176,-156.5832 -58.8074,-156.2852 -58.9705,-155.9718 -59.1058,-155.6454 -59.2120,-155.3084 -59.2885,-154.9635 -59.3346,-154.6132 -59.3500,-154.2602 -59.3500,-154.2601 -56.2500,-154.2601 -56.2500,-154.2602 -56.2464,-154.3430 -56.2356,-154.4252 -56.2176,-154.5061 -56.1927,-154.5851 -56.1610,-154.6617 -56.1227,-154.7352 -56.0782,-154.8051 -56.0277,-154.8708 -55.9718,-154.9320 -55.9106,-154.9879 -55.8449,-155.0384 -55.7750,-155.0829 -55.7015,-155.1212 -55.6249,-155.1529 -55.5459,-155.1778 -55.4650,-155.1958 -55.3828,-155.2066;
ADD P1 :W0.000000  -60.3000,-108.5946 -60.3001,-108.5946 -60.3001,-105.4946 -60.3000,-105.4946 -59.9470,-105.5100 -59.5967,-105.5561 -59.2518,-105.6326 -58.9148,-105.7388 -58.5884,-105.8741 -58.2750,-106.0372 -57.9770,-106.2270 -57.6967,-106.4421 -57.4362,-106.6808 -57.1975,-106.9413 -56.9824,-107.2216 -56.7926,-107.5196 -56.6295,-107.8330 -56.4942,-108.1594 -56.3880,-108.4964 -56.3115,-108.8413 -56.2654,-109.1916 -56.2500,-109.5446 -56.2500,-109.5447 -59.3500,-109.5447 -59.3500,-109.5446 -59.3536,-109.4618 -59.3644,-109.3796 -59.3824,-109.2987 -59.4073,-109.2197 -59.4390,-109.1431 -59.4773,-109.0696 -59.5218,-108.9997 -59.5723,-108.9340 -59.6282,-108.8728 -59.6894,-108.8169 -59.7551,-108.7664 -59.8250,-108.7219 -59.8985,-108.6836 -59.9751,-108.6519 -60.0541,-108.6270 -60.1350,-108.6090 -60.2172,-108.5982;
ADD P1 :W0.000000  -126.2936,-109.8750 -123.7936,-109.8750 -123.7936,-110.3358 -126.2936,-110.3358;
ADD P1 :W0.000000  -126.7544,-106.8142 -126.2936,-106.8142 -126.2936,-107.2750 -126.7544,-107.2750;
ADD P1 :W0.000000  -123.3328,-109.8750 -123.3328,-110.3358 -123.7936,-110.3358 -123.7936,-109.8750;
ADD P1 :W0.000000  -126.2936,-110.3358 -126.7544,-110.3358 -126.7544,-109.8750 -126.2936,-109.8750;
ADD P1 :W0.000000  -123.7936,-107.2750 -123.7936,-106.8142 -123.3328,-106.8142 -123.3328,-107.2750;
ADD P1 :W0.000000  -113.6668,-107.0446 -113.6668,-149.5179 -114.1276,-149.5179 -114.1276,-107.0446;
ADD P1 :W0.000000  -113.8972,-106.8142 -73.3000,-106.8142 -73.3000,-107.2750 -113.8972,-107.2750;
ADD P1 :W0.000000  -100.8194,-100.4999 -100.8194,-58.2567 -97.5915,-58.2567 -97.5915,-100.4999;
ADD P1 :W0.000000  -123.3328,-106.8142 -113.8972,-106.8142 -113.8972,-107.2750 -123.3328,-107.2750;
ADD P1 :W0.000000  -73.3000,-105.4946 -60.3000,-105.4946 -60.3000,-108.5946 -73.3000,-108.5946;
ADD P1 :W0.000000  -123.7936,-109.8750 -123.7936,-107.2750 -123.3328,-107.2750 -123.3328,-109.8750;
ADD P1 :W0.000000  -126.7544,-109.8750 -126.7544,-107.2750 -126.2936,-107.2750 -126.2936,-109.8750;
ADD P1 :W0.000000  -75.3000,-100.5500 -60.3000,-100.5500 -60.3000,-103.6500 -75.3000,-103.6500;
ADD P1 :W0.000000  -135.3000,-100.4861 -75.3000,-100.4861 -75.3000,-103.7140 -135.3000,-103.7140;
ADD P1 :W0.000000  -132.8000,-106.8142 -126.7544,-106.8142 -126.7544,-107.2750 -132.8000,-107.2750;
ADD P1 :W0.000000  -135.3000,-106.8142 -132.8000,-106.8142 -132.8000,-107.2750 -135.3000,-107.2750;
ADD P1 :W0.000000  -55.2945,50.8474 -53.2945,50.8474 -53.2945,53.9474 -55.2945,53.9474;
SAVE;
